Average =  0.140527
Stdev =  1.76991
