Average =  0.140721
Stdev =  1.75301
